 c_nationkey_count 
-------------------
                25
(1 row)

 c_nationkey |  cnt  
-------------+-------
           9 | 12288
           6 | 12168
          21 | 12155
           8 | 12151
           5 | 12144
          22 | 12091
           2 | 12064
          10 | 12059
          19 | 12046
          18 | 12016
          11 | 12007
          13 | 12000
          23 | 11988
           7 | 11972
           3 | 11962
          12 | 11925
           1 | 11922
          20 | 11920
          24 | 11913
          17 | 11900
(20 rows)

 c_nationkey |  cnt  
-------------+-------
          14 | 11830
           0 | 11842
           4 | 11870
          15 | 11870
          16 | 11897
          17 | 11900
          24 | 11913
          20 | 11920
           1 | 11922
          12 | 11925
           3 | 11962
           7 | 11972
          23 | 11988
          13 | 12000
          11 | 12007
          18 | 12016
          19 | 12046
          10 | 12059
           2 | 12064
          22 | 12091
(20 rows)

 c_acctbal_count 
-----------------
          262502
(1 row)

 c_acctbal | cnt 
-----------+-----
   5361.76 |   6
   3309.66 |   5
   2901.88 |   5
   7821.51 |   5
    879.59 |   5
   8130.69 |   5
    -41.80 |   5
   5209.06 |   5
   6220.87 |   5
   6587.59 |   5
   4310.48 |   5
   -938.23 |   4
   -216.13 |   4
   -927.07 |   4
   -306.79 |   4
   -393.42 |   4
   -288.24 |   4
   -171.43 |   4
   -649.13 |   4
   -699.44 |   4
(20 rows)

 c_acctbal | cnt 
-----------+-----
   -999.98 |   1
   -999.99 |   1
   -999.93 |   1
   -999.85 |   1
   -999.83 |   1
   -999.76 |   1
   -999.65 |   1
   -999.55 |   1
   -999.42 |   1
   -999.40 |   1
   -999.35 |   1
   -999.29 |   1
   -999.26 |   1
   -999.19 |   1
   -999.17 |   1
   -999.16 |   1
   -999.12 |   1
   -999.09 |   1
   -999.07 |   1
   -998.97 |   1
(20 rows)

 o_custkey_count 
-----------------
          199998
(1 row)

 o_custkey | cnt 
-----------+-----
    223237 |  44
     66736 |  39
     90139 |  39
    193072 |  39
    234544 |  39
    192928 |  39
    244090 |  39
    221614 |  39
    251548 |  39
    200197 |  39
    147598 |  38
    102805 |  38
    260743 |  38
    234079 |  38
    181294 |  38
    145723 |  37
    136339 |  37
     13990 |  37
    136165 |  37
    148477 |  37
(20 rows)

 o_custkey | cnt 
-----------+-----
    103865 |   1
    168302 |   1
     30152 |   1
     79307 |   1
    131711 |   1
    157403 |   1
     23615 |   1
     28355 |   1
     44252 |   1
     45536 |   1
     13748 |   1
    110618 |   1
    135098 |   1
    151448 |   1
      3308 |   1
     11144 |   1
      8681 |   1
     25640 |   1
    178160 |   1
    170780 |   1
(20 rows)

 o_totalprice_count 
--------------------
            2860735
(1 row)

 o_totalprice | cnt 
--------------+-----
    218871.09 |   5
    156550.53 |   5
     41670.46 |   4
     29389.73 |   4
     38290.56 |   4
     41324.27 |   4
     19084.66 |   4
      9142.37 |   4
     26432.01 |   4
     28832.13 |   4
     36546.33 |   4
     37861.44 |   4
     40742.18 |   4
     40976.12 |   4
      7960.34 |   4
     12699.33 |   4
     18324.15 |   4
     18874.57 |   4
     25095.45 |   4
     29891.48 |   4
(20 rows)

 o_totalprice | cnt 
--------------+-----
       853.84 |   1
       860.86 |   1
       865.73 |   1
       855.01 |   1
       867.61 |   1
       872.35 |   1
       874.48 |   1
       879.18 |   1
       867.00 |   1
       882.04 |   1
       883.83 |   1
       884.15 |   1
       886.46 |   1
       886.58 |   1
       887.98 |   1
       888.14 |   1
       890.73 |   1
       891.52 |   1
       894.29 |   1
       895.71 |   1
(20 rows)

 o_orderdate_count 
-------------------
              2406
(1 row)

 o_orderdate | cnt  
-------------+------
 1995-01-13  | 1383
 1993-07-07  | 1368
 1996-02-21  | 1358
 1994-03-15  | 1353
 1996-11-25  | 1350
 1997-01-22  | 1346
 1998-02-12  | 1345
 1994-07-20  | 1345
 1996-06-30  | 1340
 1995-04-03  | 1340
 1997-06-18  | 1338
 1994-11-06  | 1338
 1992-12-05  | 1335
 1994-03-05  | 1334
 1996-02-20  | 1331
 1997-10-21  | 1331
 1998-05-04  | 1331
 1994-12-15  | 1330
 1998-03-29  | 1330
 1992-12-03  | 1330
(20 rows)

 o_orderdate | cnt  
-------------+------
 1994-02-13  | 1131
 1998-06-30  | 1140
 1997-11-22  | 1144
 1992-05-28  | 1145
 1997-01-03  | 1146
 1997-01-29  | 1147
 1994-09-26  | 1147
 1992-02-09  | 1148
 1998-04-17  | 1150
 1992-10-25  | 1151
 1997-08-15  | 1151
 1994-04-16  | 1151
 1992-12-10  | 1152
 1993-03-29  | 1152
 1996-05-26  | 1155
 1995-12-28  | 1157
 1996-10-03  | 1158
 1997-10-20  | 1159
 1992-12-19  | 1160
 1995-10-05  | 1160
(20 rows)

 p_brand_count 
---------------
            25
(1 row)

  p_brand   |  cnt  
------------+-------
 Brand#33   | 16278
 Brand#35   | 16204
 Brand#12   | 16196
 Brand#21   | 16192
 Brand#14   | 16085
 Brand#52   | 16078
 Brand#44   | 16062
 Brand#53   | 16058
 Brand#51   | 16046
 Brand#15   | 16034
 Brand#41   | 16031
 Brand#31   | 15995
 Brand#42   | 15991
 Brand#24   | 15988
 Brand#13   | 15975
 Brand#11   | 15971
 Brand#23   | 15927
 Brand#34   | 15926
 Brand#22   | 15920
 Brand#45   | 15917
(20 rows)

  p_brand   |  cnt  
------------+-------
 Brand#25   | 15774
 Brand#43   | 15811
 Brand#32   | 15832
 Brand#54   | 15848
 Brand#55   | 15861
 Brand#45   | 15917
 Brand#22   | 15920
 Brand#34   | 15926
 Brand#23   | 15927
 Brand#11   | 15971
 Brand#13   | 15975
 Brand#24   | 15988
 Brand#42   | 15991
 Brand#31   | 15995
 Brand#41   | 16031
 Brand#15   | 16034
 Brand#51   | 16046
 Brand#53   | 16058
 Brand#44   | 16062
 Brand#52   | 16078
(20 rows)

 p_size_count 
--------------
           50
(1 row)

 p_size | cnt  
--------+------
     10 | 8253
     38 | 8227
     16 | 8203
     44 | 8151
     34 | 8134
      3 | 8116
     48 | 8116
     30 | 8113
      4 | 8113
     29 | 8109
     14 | 8092
     35 | 8085
     24 | 8076
     39 | 8072
     22 | 8068
      2 | 8051
     45 | 8050
      7 | 8039
     26 | 8035
     42 | 8022
(20 rows)

 p_size | cnt  
--------+------
     19 | 7741
     31 | 7794
     36 | 7804
      8 | 7810
     20 | 7819
     46 | 7838
     43 | 7871
     18 | 7891
     50 | 7901
     17 | 7914
     32 | 7918
     28 | 7933
      1 | 7936
     27 | 7943
     47 | 7943
     25 | 7952
     49 | 7954
     37 | 7956
     23 | 7971
     40 | 7978
(20 rows)

 s_nationkey_count 
-------------------
                25
(1 row)

 s_nationkey | cnt 
-------------+-----
           1 | 848
          11 | 847
           9 | 842
          17 | 830
          22 | 826
          20 | 820
           3 | 818
          16 | 812
          10 | 811
           8 | 809
          24 | 809
          13 | 806
           7 | 804
           4 | 800
           2 | 797
          12 | 795
          18 | 793
          23 | 793
           0 | 787
           6 | 775
(20 rows)

 s_nationkey | cnt 
-------------+-----
          14 | 737
           5 | 745
          15 | 760
          21 | 762
          19 | 774
           6 | 775
           0 | 787
          18 | 793
          23 | 793
          12 | 795
           2 | 797
           4 | 800
           7 | 804
          13 | 806
           8 | 809
          24 | 809
          10 | 811
          16 | 812
           3 | 818
          20 | 820
(20 rows)

 s_acctbal_count 
-----------------
           19803
(1 row)

 s_acctbal | cnt 
-----------+-----
   -207.89 |   2
     69.05 |   2
   -663.75 |   2
   -269.59 |   2
   -151.70 |   2
   -106.30 |   2
   -738.26 |   2
   -692.81 |   2
   -373.01 |   2
   -290.06 |   2
   -192.70 |   2
   -167.18 |   2
   -113.45 |   2
   -111.84 |   2
   -951.70 |   2
   -841.02 |   2
   -734.11 |   2
   -720.02 |   2
    140.04 |   2
     73.05 |   2
(20 rows)

 s_acctbal | cnt 
-----------+-----
   -998.22 |   1
   -997.61 |   1
   -997.28 |   1
   -997.13 |   1
   -996.42 |   1
   -996.30 |   1
   -995.53 |   1
   -994.90 |   1
   -994.73 |   1
   -994.29 |   1
   -994.14 |   1
   -993.93 |   1
   -993.76 |   1
   -993.67 |   1
   -993.65 |   1
   -991.92 |   1
   -990.69 |   1
   -990.16 |   1
   -990.13 |   1
   -999.89 |   1
(20 rows)

 ps_availqty_count 
-------------------
              9999
(1 row)

 ps_availqty | cnt 
-------------+-----
        4496 | 210
        6319 | 210
        4620 | 203
        8988 | 203
        2778 | 202
         448 | 202
        7587 | 201
        2548 | 200
        7188 | 199
        7180 | 199
        5412 | 199
        5446 | 199
        4593 | 198
        3776 | 198
        6552 | 198
        8766 | 198
        3100 | 198
        1893 | 197
        3955 | 197
        4949 | 197
(20 rows)

 ps_availqty | cnt 
-------------+-----
        7617 | 112
        4215 | 117
        1637 | 118
        8022 | 118
        3201 | 119
        1821 | 119
        6164 | 119
         895 | 119
        9760 | 122
        5551 | 122
        7029 | 122
        7141 | 122
        5719 | 122
        5981 | 123
        6797 | 124
        1670 | 124
        6559 | 125
        8141 | 125
        7949 | 125
        7868 | 125
(20 rows)

 ps_supplycost_count 
---------------------
               99901
(1 row)

 ps_supplycost | cnt 
---------------+-----
        662.64 |  36
        692.31 |  36
        772.58 |  34
        608.31 |  34
        705.66 |  34
        652.14 |  33
        843.70 |  33
        670.02 |  33
        230.68 |  33
         50.12 |  33
        200.24 |  32
        158.86 |  32
        140.86 |  32
        182.90 |  32
        813.19 |  32
        778.18 |  32
        473.91 |  32
        536.93 |  32
        249.78 |  32
        267.43 |  32
(20 rows)

 ps_supplycost | cnt 
---------------+-----
        528.06 |   3
        863.17 |   3
        867.22 |   3
        222.50 |   3
        133.19 |   3
        789.45 |   3
        842.59 |   3
        946.84 |   3
        525.74 |   4
        111.47 |   4
        518.54 |   4
        123.38 |   4
        629.44 |   4
        376.72 |   4
        304.79 |   4
        400.18 |   4
        257.19 |   4
        239.22 |   4
        283.06 |   4
         27.12 |   4
(20 rows)

 l_orderkey_count 
------------------
          3000000
(1 row)

 l_orderkey | cnt 
------------+-----
        518 |   7
        645 |   7
        358 |   7
        512 |   7
        610 |   7
        644 |   7
        226 |   7
        354 |   7
        390 |   7
        420 |   7
        164 |   7
        194 |   7
          7 |   7
        129 |   7
         68 |   7
        225 |   7
        322 |   7
        326 |   7
        710 |   7
        676 |   7
(20 rows)

 l_orderkey | cnt 
------------+-----
        421 |   1
        423 |   1
        324 |   1
        391 |   1
          2 |   1
        257 |   1
        128 |   1
        294 |   1
        352 |   1
        389 |   1
         36 |   1
          6 |   1
         38 |   1
        161 |   1
         64 |   1
          4 |   1
        162 |   1
        228 |   1
        454 |   1
        452 |   1
(20 rows)

 l_partkey_count 
-----------------
          400000
(1 row)

 l_partkey | cnt 
-----------+-----
    250977 |  61
    106436 |  59
    263656 |  58
    256233 |  58
    203954 |  57
     51268 |  57
    217809 |  56
    301824 |  55
    153542 |  55
    273320 |  55
     57139 |  55
     66067 |  55
    197740 |  55
    128273 |  54
     54179 |  54
    197201 |  54
    368982 |  54
    355542 |  54
    224886 |  54
    161598 |  54
(20 rows)

 l_partkey | cnt 
-----------+-----
    236346 |   8
     62306 |   9
    371488 |   9
     41985 |   9
    242363 |  10
     58984 |  10
    104158 |  10
     56357 |  10
    101006 |  10
    242518 |  11
    239302 |  11
    262302 |  11
     89437 |  11
     96050 |  11
    181678 |  11
    184493 |  11
     50583 |  11
    146676 |  11
    166067 |  11
    283142 |  11
(20 rows)

 l_suppkey_count 
-----------------
           20000
(1 row)

 l_suppkey | cnt 
-----------+-----
     15165 | 700
      4650 | 698
      5717 | 696
      5270 | 694
      8419 | 694
     16065 | 693
     12186 | 693
     18139 | 693
     12796 | 688
      1699 | 687
     19131 | 687
     18393 | 686
     19721 | 686
     19374 | 685
     16479 | 685
      8372 | 684
      9351 | 683
     11788 | 683
     14486 | 683
      2238 | 682
(20 rows)

 l_suppkey | cnt 
-----------+-----
       146 | 507
     14015 | 509
      1019 | 511
       441 | 511
     11110 | 513
        64 | 515
     19372 | 517
      6854 | 517
       451 | 521
     17368 | 522
      6004 | 522
      8190 | 523
      2397 | 523
      7012 | 524
      4170 | 524
     14961 | 524
        39 | 525
      9638 | 525
     10858 | 525
      6399 | 526
(20 rows)

 l_quantity_count 
------------------
               50
(1 row)

 l_quantity |  cnt   
------------+--------
      19.00 | 241090
      25.00 | 240927
      42.00 | 240791
      23.00 | 240749
      35.00 | 240649
       9.00 | 240564
      28.00 | 240474
      10.00 | 240472
       3.00 | 240454
       8.00 | 240423
      41.00 | 240389
       1.00 | 240344
      40.00 | 240323
      44.00 | 240265
      27.00 | 240229
      48.00 | 240217
      32.00 | 240206
      20.00 | 240183
      36.00 | 240182
      29.00 | 240147
(20 rows)

 l_quantity |  cnt   
------------+--------
      18.00 | 238697
      45.00 | 238906
      17.00 | 239206
      26.00 | 239226
       6.00 | 239301
       4.00 | 239318
      47.00 | 239347
       2.00 | 239356
      21.00 | 239364
      11.00 | 239446
      14.00 | 239570
      15.00 | 239579
      34.00 | 239629
      12.00 | 239629
      39.00 | 239647
      30.00 | 239725
      50.00 | 239735
      46.00 | 239738
      22.00 | 239751
      24.00 | 239753
(20 rows)

 l_shipdate_count 
------------------
             2526
(1 row)

 l_shipdate | cnt  
------------+------
 1996-08-19 | 5204
 1993-08-04 | 5203
 1998-03-23 | 5201
 1994-09-16 | 5193
 1995-01-14 | 5187
 1998-01-17 | 5187
 1998-01-10 | 5186
 1997-06-01 | 5185
 1998-04-30 | 5184
 1996-11-29 | 5179
 1993-10-28 | 5178
 1994-05-23 | 5178
 1993-04-22 | 5178
 1994-08-23 | 5174
 1993-07-07 | 5174
 1995-09-18 | 5170
 1996-08-27 | 5164
 1996-03-13 | 5161
 1995-09-13 | 5159
 1997-03-23 | 5157
(20 rows)

 l_shipdate | cnt 
------------+-----
 1992-01-02 |  27
 1998-12-01 |  41
 1992-01-03 |  76
 1998-11-30 |  78
 1992-01-04 |  99
 1998-11-29 | 104
 1992-01-05 | 153
 1998-11-28 | 162
 1998-11-27 | 206
 1992-01-06 | 225
 1992-01-08 | 252
 1992-01-07 | 254
 1998-11-26 | 261
 1998-11-25 | 300
 1992-01-09 | 329
 1998-11-24 | 338
 1992-01-10 | 350
 1998-11-23 | 355
 1992-01-11 | 420
 1998-11-21 | 430
(20 rows)

 l_commitdate_count 
--------------------
               2466
(1 row)

 l_commitdate | cnt  
--------------+------
 1995-08-20   | 5226
 1992-09-22   | 5220
 1994-05-27   | 5216
 1995-08-16   | 5209
 1995-03-11   | 5191
 1998-05-28   | 5191
 1992-11-21   | 5186
 1996-09-12   | 5180
 1992-08-29   | 5176
 1993-08-22   | 5175
 1998-07-02   | 5173
 1997-02-07   | 5172
 1993-10-16   | 5172
 1997-02-23   | 5172
 1993-08-29   | 5171
 1998-03-18   | 5170
 1998-01-01   | 5168
 1998-06-23   | 5168
 1998-02-13   | 5168
 1993-11-04   | 5165
(20 rows)

 l_commitdate | cnt 
--------------+-----
 1998-10-31   |  88
 1992-01-31   |  94
 1998-10-30   | 168
 1992-02-01   | 171
 1992-02-02   | 229
 1998-10-29   | 267
 1992-02-03   | 313
 1998-10-28   | 359
 1998-10-27   | 367
 1992-02-04   | 426
 1998-10-26   | 480
 1992-02-05   | 482
 1992-02-06   | 581
 1998-10-25   | 594
 1992-02-07   | 615
 1998-10-24   | 639
 1992-02-08   | 727
 1998-10-23   | 754
 1998-10-22   | 817
 1992-02-09   | 840
(20 rows)

 l_receiptdate_count 
---------------------
                2555
(1 row)

 l_receiptdate | cnt  
---------------+------
 1994-11-07    | 5268
 1998-07-26    | 5246
 1995-10-08    | 5238
 1996-07-09    | 5217
 1992-09-17    | 5208
 1996-12-18    | 5207
 1993-01-04    | 5207
 1994-05-18    | 5201
 1996-10-06    | 5198
 1993-05-06    | 5196
 1995-05-08    | 5187
 1993-09-24    | 5186
 1998-03-09    | 5183
 1997-08-08    | 5177
 1995-04-24    | 5176
 1993-04-21    | 5175
 1993-09-22    | 5172
 1996-07-12    | 5172
 1995-07-30    | 5170
 1997-02-26    | 5168
(20 rows)

 l_receiptdate | cnt 
---------------+-----
 1992-01-03    |   1
 1998-12-31    |   2
 1998-12-30    |   3
 1992-01-04    |   3
 1998-12-29    |   5
 1992-01-06    |   8
 1992-01-05    |  11
 1998-12-28    |  12
 1992-01-07    |  19
 1998-12-27    |  21
 1992-01-08    |  25
 1998-12-24    |  34
 1992-01-09    |  35
 1998-12-25    |  36
 1998-12-26    |  40
 1998-12-23    |  46
 1992-01-11    |  55
 1992-01-10    |  64
 1992-01-12    |  71
 1998-12-22    |  86
(20 rows)

