 c_nationkey_count 
-------------------
                25
(1 row)

 c_nationkey |  cnt  
-------------+-------
           9 | 12288
           6 | 12168
          21 | 12155
           8 | 12151
           5 | 12144
          22 | 12091
           2 | 12064
          10 | 12059
          19 | 12046
          18 | 12016
          11 | 12007
          13 | 12000
          23 | 11988
           7 | 11972
           3 | 11962
          12 | 11925
           1 | 11922
          20 | 11920
          24 | 11913
          17 | 11900
(20 rows)

 c_nationkey |  cnt  
-------------+-------
          14 | 11830
           0 | 11842
           4 | 11870
          15 | 11870
          16 | 11897
          17 | 11900
          24 | 11913
          20 | 11920
           1 | 11922
          12 | 11925
           3 | 11962
           7 | 11972
          23 | 11988
          13 | 12000
          11 | 12007
          18 | 12016
          19 | 12046
          10 | 12059
           2 | 12064
          22 | 12091
(20 rows)

 c_acctbal_count 
-----------------
          262502
(1 row)

 c_acctbal | cnt 
-----------+-----
   5361.76 |   6
   3309.66 |   5
   2901.88 |   5
   7821.51 |   5
    879.59 |   5
   8130.69 |   5
    -41.80 |   5
   5209.06 |   5
   6220.87 |   5
   6587.59 |   5
   4310.48 |   5
   -938.23 |   4
   -216.13 |   4
   -927.07 |   4
   -306.79 |   4
   -393.42 |   4
   -288.24 |   4
   -171.43 |   4
   -649.13 |   4
   -699.44 |   4
(20 rows)

 c_acctbal | cnt 
-----------+-----
   -999.98 |   1
   -999.99 |   1
   -999.93 |   1
   -999.85 |   1
   -999.83 |   1
   -999.76 |   1
   -999.65 |   1
   -999.55 |   1
   -999.42 |   1
   -999.40 |   1
   -999.35 |   1
   -999.29 |   1
   -999.26 |   1
   -999.19 |   1
   -999.17 |   1
   -999.16 |   1
   -999.12 |   1
   -999.09 |   1
   -999.07 |   1
   -998.97 |   1
(20 rows)

 o_custkey_count 
-----------------
          199998
(1 row)

 o_custkey | cnt 
-----------+-----
    223237 |  44
     66736 |  39
     90139 |  39
    193072 |  39
    234544 |  39
    192928 |  39
    244090 |  39
    221614 |  39
    251548 |  39
    200197 |  39
    147598 |  38
    102805 |  38
    260743 |  38
    234079 |  38
    181294 |  38
    145723 |  37
    136339 |  37
     13990 |  37
    136165 |  37
    148477 |  37
(20 rows)

 o_custkey | cnt 
-----------+-----
    103865 |   1
    168302 |   1
     30152 |   1
     79307 |   1
    131711 |   1
    157403 |   1
     23615 |   1
     28355 |   1
     44252 |   1
     45536 |   1
     13748 |   1
    110618 |   1
    135098 |   1
    151448 |   1
      3308 |   1
     11144 |   1
      8681 |   1
     25640 |   1
    178160 |   1
    170780 |   1
(20 rows)

 o_totalprice_count 
--------------------
            2860735
(1 row)

 o_totalprice | cnt 
--------------+-----
    218871.09 |   5
    156550.53 |   5
     41670.46 |   4
     29389.73 |   4
     38290.56 |   4
     41324.27 |   4
     19084.66 |   4
      9142.37 |   4
     26432.01 |   4
     28832.13 |   4
     36546.33 |   4
     37861.44 |   4
     40742.18 |   4
     40976.12 |   4
      7960.34 |   4
     12699.33 |   4
     18324.15 |   4
     18874.57 |   4
     25095.45 |   4
     29891.48 |   4
(20 rows)

 o_totalprice | cnt 
--------------+-----
       853.84 |   1
       860.86 |   1
       865.73 |   1
       855.01 |   1
       867.61 |   1
       872.35 |   1
       874.48 |   1
       879.18 |   1
       867.00 |   1
       882.04 |   1
       883.83 |   1
       884.15 |   1
       886.46 |   1
       886.58 |   1
       887.98 |   1
       888.14 |   1
       890.73 |   1
       891.52 |   1
       894.29 |   1
       895.71 |   1
(20 rows)

